{
  "advancedEditorSelectedIdentifier" : "ProjectBrowser",
  "openSceneRelativePaths" : [
    "Immersive.usda",
    "TechArt\/Mesh\/Sidestick_controller_L.usdc",
    "TechArt\/Mesh\/Throttle.usdc",
    "TechArt\/Shaders\/PBR_Material.usda",
    "ImmersiveCockpit.usda",
    "TechArt\/Mesh\/Cockpit4.usdc"
  ],
  "recentIdentifiers" : {
    "057DFC64-A90F-4C4E-AF94-E498458743D2" : [

    ],
    "0701B343-C7AA-401B-B68A-76C3DAF412CD" : [

    ],
    "0F51D2B6-8429-42F2-986A-AB3D854A6C9D" : [

    ],
    "EBE7C0D0-2163-40DA-A41F-1F944586386A" : [

    ]
  },
  "sceneCameraHistory" : {
    "057DFC64-A90F-4C4E-AF94-E498458743D2" : [
      {
        "date" : 804154547.085963,
        "title" : "Untitled",
        "transform" : [
          -0.62236387,
          5.7767378e-09,
          0.782728,
          0,
          0.52618414,
          0.7403297,
          0.4183804,
          0,
          -0.57947683,
          0.67224395,
          -0.46075436,
          0,
          -3.5920556,
          1.543734,
          -1.4538021,
          1
        ]
      },
      {
        "date" : 804154543.138055,
        "title" : "Untitled",
        "transform" : [
          -0.59996235,
          5.7767378e-09,
          0.80002815,
          0,
          0.5378141,
          0.7403297,
          0.40332115,
          0,
          -0.5922846,
          0.67224395,
          -0.44416988,
          0,
          -2.7092917,
          1.1516246,
          -1.0082629,
          1
        ]
      },
      {
        "date" : 804154532.738615,
        "title" : "Untitled",
        "transform" : [
          -0.59996235,
          5.7767378e-09,
          0.80002815,
          0,
          0.5378141,
          0.7403297,
          0.40332115,
          0,
          -0.5922846,
          0.67224395,
          -0.44416988,
          0,
          -2.7623835,
          1.0646876,
          -1.0690445,
          1
        ]
      },
      {
        "date" : 804154529.246235,
        "title" : "Untitled",
        "transform" : [
          -0.59996235,
          5.7767378e-09,
          0.80002815,
          0,
          0.5378141,
          0.7403297,
          0.40332115,
          0,
          -0.5922846,
          0.67224395,
          -0.44416988,
          0,
          -3.6700919,
          1.2428409,
          -0.38898927,
          1
        ]
      },
      {
        "date" : 804154527.062955,
        "title" : "Untitled",
        "transform" : [
          -0.59996235,
          5.7767378e-09,
          0.80002815,
          0,
          0.5378141,
          0.7403297,
          0.40332115,
          0,
          -0.5922846,
          0.67224395,
          -0.44416988,
          0,
          -2.8808415,
          1.5752622,
          -0.9383109,
          1
        ]
      },
      {
        "date" : 804154516.376998,
        "title" : "Untitled",
        "transform" : [
          0.6773295,
          -3.314525e-08,
          -0.73567975,
          0,
          -0.50694543,
          0.724681,
          -0.46673727,
          0,
          0.5331332,
          0.6890845,
          0.49084786,
          0,
          0.45455414,
          0.17891479,
          1.3394333,
          1
        ]
      },
      {
        "date" : 804154335.502161,
        "title" : "Untitled",
        "transform" : [
          -0.99406517,
          -3.411286e-08,
          -0.108786345,
          0,
          -0.06800138,
          0.7805519,
          0.62138104,
          0,
          0.08491337,
          0.6250909,
          -0.7759195,
          0,
          -0.04199575,
          0.08545308,
          -0.07755214,
          1
        ]
      },
      {
        "date" : 804154327.872309,
        "title" : "Untitled",
        "transform" : [
          -0.99406517,
          -3.411286e-08,
          -0.108786345,
          0,
          -0.06800138,
          0.7805519,
          0.62138104,
          0,
          0.08491337,
          0.6250909,
          -0.7759195,
          0,
          -1.0688947,
          2.1749907,
          -1.9738922,
          1
        ]
      },
      {
        "date" : 804154263.649129,
        "title" : "Untitled",
        "transform" : [
          -0.99406517,
          -3.411286e-08,
          -0.108786345,
          0,
          -0.06800138,
          0.7805519,
          0.62138104,
          0,
          0.08491337,
          0.6250909,
          -0.7759195,
          0,
          -3.1945992,
          3.0646472,
          -5.475138,
          1
        ]
      },
      {
        "date" : 804154013.006889,
        "title" : "Untitled",
        "transform" : [
          -0.99406517,
          -3.411286e-08,
          -0.108786345,
          0,
          -0.06800138,
          0.7805519,
          0.62138104,
          0,
          0.08491337,
          0.6250909,
          -0.7759195,
          0,
          -2.0220175,
          1.290041,
          -2.6181426,
          1
        ]
      }
    ],
    "0701B343-C7AA-401B-B68A-76C3DAF412CD" : [
      {
        "date" : 804139392.815352,
        "title" : "Untitled",
        "transform" : [
          1,
          0,
          -0,
          0,
          -0,
          0.7071069,
          -0.7071067,
          0,
          0,
          0.7071067,
          0.7071069,
          0,
          1.398881e-14,
          0.09832477,
          0.098324805,
          1
        ]
      }
    ],
    "A4377E15-94D3-4E87-A038-116CED4184E0" : [
      {
        "date" : 804138883.947737,
        "title" : "Untitled",
        "transform" : [
          -0.4071703,
          -1.9347684e-08,
          0.9133522,
          0,
          0.61407334,
          0.7402522,
          0.27375254,
          0,
          -0.6761108,
          0.67232955,
          -0.3014086,
          0,
          -1.1066083,
          1.5474445,
          -0.23799999,
          1
        ]
      },
      {
        "date" : 804138851.788928,
        "title" : "Untitled",
        "transform" : [
          0.55993754,
          -1.6597667e-08,
          0.8285348,
          0,
          0.440264,
          0.84713566,
          -0.29753768,
          0,
          -0.70188123,
          0.53137696,
          0.47434306,
          0,
          -1.459693,
          1.5117334,
          0.48973083,
          1
        ]
      },
      {
        "date" : 804138834.812146,
        "title" : "Untitled",
        "transform" : [
          0.509149,
          -1.9274168e-08,
          0.8606784,
          0,
          0.62780696,
          0.6840526,
          -0.37138999,
          0,
          -0.5887491,
          0.72943294,
          0.34828466,
          0,
          -1.1133988,
          1.8394725,
          0.18044838,
          1
        ]
      },
      {
        "date" : 804138804.487792,
        "title" : "Untitled",
        "transform" : [
          0.43085113,
          -8.804739e-09,
          0.902423,
          0,
          0.3181816,
          0.93577945,
          -0.15191206,
          0,
          -0.84446883,
          0.3525861,
          0.4031817,
          0,
          -1.7604115,
          1.1870384,
          0.38440672,
          1
        ]
      },
      {
        "date" : 804138782.958822,
        "title" : "Untitled",
        "transform" : [
          0.9761401,
          -1.2151551e-09,
          0.21714202,
          0,
          0.15343472,
          0.707603,
          -0.68975055,
          0,
          -0.15365016,
          0.70661044,
          0.6907195,
          0,
          -0.3165398,
          1.4557102,
          1.4229732,
          1
        ]
      },
      {
        "date" : 804138773.87464,
        "title" : "Untitled",
        "transform" : [
          0.81789374,
          2.4539313e-09,
          0.57536936,
          0,
          0.2855856,
          0.86812145,
          -0.40596312,
          0,
          -0.49949032,
          0.4963521,
          0.7100311,
          0,
          -0.6631688,
          0.6590018,
          0.94270164,
          1
        ]
      }
    ],
    "C6A7F375-BFE9-46E0-9EA6-1A6B150F43FD" : [
      {
        "date" : 804138711.816411,
        "title" : "Untitled",
        "transform" : [
          0.9763976,
          1.0005984e-08,
          -0.21598122,
          0,
          -0.113043614,
          0.85208994,
          -0.51104206,
          0,
          0.1840354,
          0.5233955,
          0.83197844,
          0,
          0.26169667,
          2.275668,
          -1.1179814,
          1
        ]
      },
      {
        "date" : 804138441.235681,
        "title" : "Untitled",
        "transform" : [
          1,
          0,
          0,
          0,
          0,
          0.7071069,
          -0.70710677,
          0,
          0,
          0.70710677,
          0.7071069,
          0,
          -0.23156285,
          8.286477,
          5.324474,
          1
        ]
      }
    ],
    "EBE7C0D0-2163-40DA-A41F-1F944586386A" : [
      {
        "date" : 804143011.66718,
        "title" : "Untitled",
        "transform" : [
          -0.5312791,
          1.42670675e-08,
          -0.8471969,
          0,
          -0.73034513,
          0.50678486,
          0.45800108,
          0,
          0.4293466,
          0.8620726,
          -0.26924416,
          0,
          3.1902902,
          7.843863,
          -5.661113,
          1
        ]
      },
      {
        "date" : 804139890.037986,
        "title" : "Untitled",
        "transform" : [
          -0.7105475,
          1.5470782e-08,
          -0.7036493,
          0,
          -0.30192438,
          0.90326476,
          0.3048842,
          0,
          0.6355817,
          0.42908362,
          -0.6418125,
          0,
          4.2197504,
          3.2872193,
          -8.668346,
          1
        ]
      },
      {
        "date" : 804139822.696132,
        "title" : "Untitled",
        "transform" : [
          -0.69536513,
          1.5136505e-08,
          -0.71865666,
          0,
          -0.54247886,
          0.65589607,
          0.52489716,
          0,
          0.47136414,
          0.7548513,
          -0.45608726,
          0,
          2.9091215,
          6.6672335,
          -7.1300316,
          1
        ]
      },
      {
        "date" : 804139819.85737,
        "title" : "Untitled",
        "transform" : [
          -0.69536513,
          1.5136505e-08,
          -0.71865666,
          0,
          -0.54247886,
          0.65589607,
          0.52489716,
          0,
          0.47136414,
          0.7548513,
          -0.45608726,
          0,
          4.7448773,
          5.058632,
          -7.895115,
          1
        ]
      },
      {
        "date" : 804139812.767391,
        "title" : "Untitled",
        "transform" : [
          -0.70192623,
          1.5136505e-08,
          -0.71224964,
          0,
          -0.53764254,
          0.65589607,
          0.5298498,
          0,
          0.4671618,
          0.7548513,
          -0.46039066,
          0,
          2.2545404,
          1.572737,
          -4.8628225,
          1
        ]
      },
      {
        "date" : 804139789.889111,
        "title" : "Untitled",
        "transform" : [
          -0.99560076,
          9.811279e-09,
          0.09369701,
          0,
          0.076116525,
          0.58314335,
          0.80879563,
          0,
          -0.05463873,
          0.8123693,
          -0.5805779,
          0,
          -3.5362575,
          11.568487,
          -15.089454,
          1
        ]
      },
      {
        "date" : 804139773.065655,
        "title" : "Untitled",
        "transform" : [
          -0.9307971,
          1.2260525e-08,
          -0.3655362,
          0,
          -0.18708158,
          0.8591044,
          0.47638217,
          0,
          0.31403387,
          0.5118003,
          -0.79965204,
          0,
          0.96337616,
          0.5706915,
          -4.5933475,
          1
        ]
      },
      {
        "date" : 804139752.297502,
        "title" : "Untitled",
        "transform" : [
          -0.7937762,
          1.0698966e-08,
          -0.60820985,
          0,
          -0.3166857,
          0.85374886,
          0.4133073,
          0,
          0.51925856,
          0.52068496,
          -0.6776857,
          0,
          1.7773299,
          1.1673198,
          -5.2209806,
          1
        ]
      },
      {
        "date" : 804139736.564045,
        "title" : "Untitled",
        "transform" : [
          -0.7937762,
          1.0698966e-08,
          -0.60820985,
          0,
          -0.3166857,
          0.85374886,
          0.4133073,
          0,
          0.51925856,
          0.52068496,
          -0.6776857,
          0,
          1.9076545,
          0.7856042,
          -5.414406,
          1
        ]
      },
      {
        "date" : 804139735.235867,
        "title" : "Untitled",
        "transform" : [
          -0.7937762,
          1.0698966e-08,
          -0.60820985,
          0,
          -0.3166857,
          0.85374886,
          0.4133073,
          0,
          0.51925856,
          0.52068496,
          -0.6776857,
          0,
          1.537283,
          0.41421565,
          -4.931033,
          1
        ]
      }
    ]
  },
  "sceneViewportBackgroundColors" : {

  },
  "selectedSceneRelativePath" : "ImmersiveCockpit.usda"
}