{
  "advancedEditorSelectedIdentifier" : "ProjectBrowser",
  "openSceneRelativePaths" : [
    "Immersive.usda",
    "TechArt\/Mesh\/Sidestick_controller_L.usdc",
    "TechArt\/Mesh\/Throttle.usdc",
    "TechArt\/Shaders\/PBR_Material.usda",
    "ImmersiveCockpit.usda"
  ],
  "recentIdentifiers" : {
    "057DFC64-A90F-4C4E-AF94-E498458743D2" : [

    ],
    "0701B343-C7AA-401B-B68A-76C3DAF412CD" : [

    ],
    "EBE7C0D0-2163-40DA-A41F-1F944586386A" : [

    ]
  },
  "sceneCameraHistory" : {
    "057DFC64-A90F-4C4E-AF94-E498458743D2" : [
      {
        "date" : 804151408.268522,
        "title" : "Untitled",
        "transform" : [
          -0.7666874,
          -2.1055891e-08,
          -0.6420205,
          0,
          -0.097055115,
          0.98850757,
          0.11590112,
          0,
          0.6346422,
          0.1511712,
          -0.7578764,
          0,
          -1.2860926,
          -1.8265429,
          1.050025,
          1
        ]
      },
      {
        "date" : 804151406.651466,
        "title" : "Untitled",
        "transform" : [
          -0.7666874,
          -2.1055891e-08,
          -0.6420205,
          0,
          -0.097055115,
          0.98850757,
          0.11590112,
          0,
          0.6346422,
          0.1511712,
          -0.7578764,
          0,
          -1.2791151,
          -1.8401752,
          1.0531487,
          1
        ]
      },
      {
        "date" : 804151402.811213,
        "title" : "Untitled",
        "transform" : [
          -0.7666875,
          -2.1055893e-08,
          -0.6420206,
          0,
          -0.09705513,
          0.9885077,
          0.115901135,
          0,
          0.6346422,
          0.1511712,
          -0.7578764,
          0,
          -1.2686104,
          -1.8230325,
          1.0653648,
          1
        ]
      },
      {
        "date" : 804151389.30132,
        "title" : "Untitled",
        "transform" : [
          -0.9931369,
          -1.7669436e-08,
          0.11695822,
          0,
          0.060915127,
          0.85366136,
          0.51725405,
          0,
          -0.0998427,
          0.52082855,
          -0.8478027,
          0,
          -1.3193074,
          -1.8181479,
          1.0458663,
          1
        ]
      },
      {
        "date" : 804151373.985911,
        "title" : "Untitled",
        "transform" : [
          -0.8885903,
          1.2726304e-08,
          -0.45870173,
          0,
          -0.25518757,
          0.8309644,
          0.49434566,
          0,
          0.38116485,
          0.55632573,
          -0.73838675,
          0,
          -1.263081,
          -1.7717754,
          0.99602836,
          1
        ]
      },
      {
        "date" : 804151354.114509,
        "title" : "Untitled",
        "transform" : [
          -0.83672744,
          2.2826239e-09,
          0.5476195,
          0,
          0.21587864,
          0.91901916,
          0.32984865,
          0,
          -0.5032729,
          0.39421272,
          -0.7689686,
          0,
          -1.7376902,
          -0.6805659,
          -0.057747245,
          1
        ]
      },
      {
        "date" : 804151106.533652,
        "title" : "Untitled",
        "transform" : [
          -0.83672744,
          2.2826239e-09,
          0.5476195,
          0,
          0.21587864,
          0.91901916,
          0.32984865,
          0,
          -0.5032729,
          0.39421272,
          -0.7689686,
          0,
          -1.379855,
          0.35759056,
          -1.4609894,
          1
        ]
      },
      {
        "date" : 804151096.591708,
        "title" : "Untitled",
        "transform" : [
          -0.83672744,
          2.2826239e-09,
          0.5476195,
          0,
          0.21587864,
          0.91901916,
          0.32984865,
          0,
          -0.5032729,
          0.39421272,
          -0.7689686,
          0,
          -1.5243202,
          -0.7097788,
          0.26924476,
          1
        ]
      },
      {
        "date" : 804151037.592528,
        "title" : "Untitled",
        "transform" : [
          -0.83672744,
          2.2826239e-09,
          0.5476195,
          0,
          0.21587867,
          0.9190193,
          0.32984868,
          0,
          -0.5032729,
          0.39421272,
          -0.7689686,
          0,
          -1.646113,
          0.26800668,
          -0.8142699,
          1
        ]
      },
      {
        "date" : 804150999.398065,
        "title" : "Untitled",
        "transform" : [
          -0.8285668,
          -2.4945308e-09,
          0.5598903,
          0,
          0.10330061,
          0.9828323,
          0.15287179,
          0,
          -0.5502783,
          0.18450141,
          -0.81434226,
          0,
          -1.3163078,
          -0.2128173,
          -0.60082614,
          1
        ]
      }
    ],
    "0701B343-C7AA-401B-B68A-76C3DAF412CD" : [
      {
        "date" : 804139392.815352,
        "title" : "Untitled",
        "transform" : [
          1,
          0,
          -0,
          0,
          -0,
          0.7071069,
          -0.7071067,
          0,
          0,
          0.7071067,
          0.7071069,
          0,
          1.398881e-14,
          0.09832477,
          0.098324805,
          1
        ]
      }
    ],
    "A4377E15-94D3-4E87-A038-116CED4184E0" : [
      {
        "date" : 804138883.947737,
        "title" : "Untitled",
        "transform" : [
          -0.4071703,
          -1.9347684e-08,
          0.9133522,
          0,
          0.61407334,
          0.7402522,
          0.27375254,
          0,
          -0.6761108,
          0.67232955,
          -0.3014086,
          0,
          -1.1066083,
          1.5474445,
          -0.23799999,
          1
        ]
      },
      {
        "date" : 804138851.788928,
        "title" : "Untitled",
        "transform" : [
          0.55993754,
          -1.6597667e-08,
          0.8285348,
          0,
          0.440264,
          0.84713566,
          -0.29753768,
          0,
          -0.70188123,
          0.53137696,
          0.47434306,
          0,
          -1.459693,
          1.5117334,
          0.48973083,
          1
        ]
      },
      {
        "date" : 804138834.812146,
        "title" : "Untitled",
        "transform" : [
          0.509149,
          -1.9274168e-08,
          0.8606784,
          0,
          0.62780696,
          0.6840526,
          -0.37138999,
          0,
          -0.5887491,
          0.72943294,
          0.34828466,
          0,
          -1.1133988,
          1.8394725,
          0.18044838,
          1
        ]
      },
      {
        "date" : 804138804.487792,
        "title" : "Untitled",
        "transform" : [
          0.43085113,
          -8.804739e-09,
          0.902423,
          0,
          0.3181816,
          0.93577945,
          -0.15191206,
          0,
          -0.84446883,
          0.3525861,
          0.4031817,
          0,
          -1.7604115,
          1.1870384,
          0.38440672,
          1
        ]
      },
      {
        "date" : 804138782.958822,
        "title" : "Untitled",
        "transform" : [
          0.9761401,
          -1.2151551e-09,
          0.21714202,
          0,
          0.15343472,
          0.707603,
          -0.68975055,
          0,
          -0.15365016,
          0.70661044,
          0.6907195,
          0,
          -0.3165398,
          1.4557102,
          1.4229732,
          1
        ]
      },
      {
        "date" : 804138773.87464,
        "title" : "Untitled",
        "transform" : [
          0.81789374,
          2.4539313e-09,
          0.57536936,
          0,
          0.2855856,
          0.86812145,
          -0.40596312,
          0,
          -0.49949032,
          0.4963521,
          0.7100311,
          0,
          -0.6631688,
          0.6590018,
          0.94270164,
          1
        ]
      }
    ],
    "C6A7F375-BFE9-46E0-9EA6-1A6B150F43FD" : [
      {
        "date" : 804138711.816411,
        "title" : "Untitled",
        "transform" : [
          0.9763976,
          1.0005984e-08,
          -0.21598122,
          0,
          -0.113043614,
          0.85208994,
          -0.51104206,
          0,
          0.1840354,
          0.5233955,
          0.83197844,
          0,
          0.26169667,
          2.275668,
          -1.1179814,
          1
        ]
      },
      {
        "date" : 804138441.235681,
        "title" : "Untitled",
        "transform" : [
          1,
          0,
          0,
          0,
          0,
          0.7071069,
          -0.70710677,
          0,
          0,
          0.70710677,
          0.7071069,
          0,
          -0.23156285,
          8.286477,
          5.324474,
          1
        ]
      }
    ],
    "EBE7C0D0-2163-40DA-A41F-1F944586386A" : [
      {
        "date" : 804143011.66718,
        "title" : "Untitled",
        "transform" : [
          -0.5312791,
          1.42670675e-08,
          -0.8471969,
          0,
          -0.73034513,
          0.50678486,
          0.45800108,
          0,
          0.4293466,
          0.8620726,
          -0.26924416,
          0,
          3.1902902,
          7.843863,
          -5.661113,
          1
        ]
      },
      {
        "date" : 804139890.037986,
        "title" : "Untitled",
        "transform" : [
          -0.7105475,
          1.5470782e-08,
          -0.7036493,
          0,
          -0.30192438,
          0.90326476,
          0.3048842,
          0,
          0.6355817,
          0.42908362,
          -0.6418125,
          0,
          4.2197504,
          3.2872193,
          -8.668346,
          1
        ]
      },
      {
        "date" : 804139822.696132,
        "title" : "Untitled",
        "transform" : [
          -0.69536513,
          1.5136505e-08,
          -0.71865666,
          0,
          -0.54247886,
          0.65589607,
          0.52489716,
          0,
          0.47136414,
          0.7548513,
          -0.45608726,
          0,
          2.9091215,
          6.6672335,
          -7.1300316,
          1
        ]
      },
      {
        "date" : 804139819.85737,
        "title" : "Untitled",
        "transform" : [
          -0.69536513,
          1.5136505e-08,
          -0.71865666,
          0,
          -0.54247886,
          0.65589607,
          0.52489716,
          0,
          0.47136414,
          0.7548513,
          -0.45608726,
          0,
          4.7448773,
          5.058632,
          -7.895115,
          1
        ]
      },
      {
        "date" : 804139812.767391,
        "title" : "Untitled",
        "transform" : [
          -0.70192623,
          1.5136505e-08,
          -0.71224964,
          0,
          -0.53764254,
          0.65589607,
          0.5298498,
          0,
          0.4671618,
          0.7548513,
          -0.46039066,
          0,
          2.2545404,
          1.572737,
          -4.8628225,
          1
        ]
      },
      {
        "date" : 804139789.889111,
        "title" : "Untitled",
        "transform" : [
          -0.99560076,
          9.811279e-09,
          0.09369701,
          0,
          0.076116525,
          0.58314335,
          0.80879563,
          0,
          -0.05463873,
          0.8123693,
          -0.5805779,
          0,
          -3.5362575,
          11.568487,
          -15.089454,
          1
        ]
      },
      {
        "date" : 804139773.065655,
        "title" : "Untitled",
        "transform" : [
          -0.9307971,
          1.2260525e-08,
          -0.3655362,
          0,
          -0.18708158,
          0.8591044,
          0.47638217,
          0,
          0.31403387,
          0.5118003,
          -0.79965204,
          0,
          0.96337616,
          0.5706915,
          -4.5933475,
          1
        ]
      },
      {
        "date" : 804139752.297502,
        "title" : "Untitled",
        "transform" : [
          -0.7937762,
          1.0698966e-08,
          -0.60820985,
          0,
          -0.3166857,
          0.85374886,
          0.4133073,
          0,
          0.51925856,
          0.52068496,
          -0.6776857,
          0,
          1.7773299,
          1.1673198,
          -5.2209806,
          1
        ]
      },
      {
        "date" : 804139736.564045,
        "title" : "Untitled",
        "transform" : [
          -0.7937762,
          1.0698966e-08,
          -0.60820985,
          0,
          -0.3166857,
          0.85374886,
          0.4133073,
          0,
          0.51925856,
          0.52068496,
          -0.6776857,
          0,
          1.9076545,
          0.7856042,
          -5.414406,
          1
        ]
      },
      {
        "date" : 804139735.235867,
        "title" : "Untitled",
        "transform" : [
          -0.7937762,
          1.0698966e-08,
          -0.60820985,
          0,
          -0.3166857,
          0.85374886,
          0.4133073,
          0,
          0.51925856,
          0.52068496,
          -0.6776857,
          0,
          1.537283,
          0.41421565,
          -4.931033,
          1
        ]
      }
    ]
  },
  "sceneViewportBackgroundColors" : {

  },
  "selectedSceneRelativePath" : "ImmersiveCockpit.usda"
}