{
  "advancedEditorSelectedIdentifier" : "ShaderGraphEditorPluginID",
  "openSceneRelativePaths" : [
    "Immersive.usda",
    "TechArt\/Mesh\/Sidestick_controller_L.usdc",
    "TechArt\/Mesh\/Throttle.usdc",
    "TechArt\/Shaders\/PBR_Material.usda",
    "ImmersiveCockpit.usda",
    "Cloud.usdc",
    "TechArt\/Mesh\/Cockpit4.usdc"
  ],
  "recentIdentifiers" : {
    "02788A2F-C4DB-43C1-A74C-8B001F140070" : [

    ],
    "057DFC64-A90F-4C4E-AF94-E498458743D2" : [

    ],
    "0701B343-C7AA-401B-B68A-76C3DAF412CD" : [

    ],
    "0F51D2B6-8429-42F2-986A-AB3D854A6C9D" : [

    ],
    "54E129BC-BF69-4DEC-BBA0-FC28D245A448" : [

    ],
    "EBE7C0D0-2163-40DA-A41F-1F944586386A" : [

    ]
  },
  "sceneCameraHistory" : {
    "02788A2F-C4DB-43C1-A74C-8B001F140070" : [
      {
        "date" : 804399283.388054,
        "title" : "Untitled",
        "transform" : [
          0.30309492,
          -3.4566358e-10,
          -0.9529604,
          0,
          -0.22396073,
          0.9719916,
          -0.071232095,
          0,
          0.9262695,
          0.2350158,
          0.29460576,
          0,
          0.70279616,
          0.17831549,
          0.22352868,
          1
        ]
      },
      {
        "date" : 804399267.64202,
        "title" : "Untitled",
        "transform" : [
          0.28316998,
          1.8016131e-09,
          0.9590697,
          0,
          0.43954882,
          0.88879377,
          -0.12977894,
          0,
          -0.8524152,
          0.45830747,
          0.25167972,
          0,
          -0.64676005,
          0.34773543,
          0.19095905,
          1
        ]
      }
    ],
    "057DFC64-A90F-4C4E-AF94-E498458743D2" : [
      {
        "date" : 804191344.041062,
        "title" : "Untitled",
        "transform" : [
          -0.62236387,
          5.7767378e-09,
          0.782728,
          0,
          0.52618414,
          0.7403297,
          0.4183804,
          0,
          -0.57947683,
          0.67224395,
          -0.46075436,
          0,
          -0.1250973,
          0.083698094,
          -0.073860645,
          1
        ]
      },
      {
        "date" : 804191314.136967,
        "title" : "Untitled",
        "transform" : [
          -0.62236387,
          5.7767378e-09,
          0.782728,
          0,
          0.52618414,
          0.7403297,
          0.4183804,
          0,
          -0.57947683,
          0.67224395,
          -0.46075436,
          0,
          -2.9118168,
          1.9481915,
          -1.719211,
          1
        ]
      },
      {
        "date" : 804154547.085963,
        "title" : "Untitled",
        "transform" : [
          -0.62236387,
          5.7767378e-09,
          0.782728,
          0,
          0.52618414,
          0.7403297,
          0.4183804,
          0,
          -0.57947683,
          0.67224395,
          -0.46075436,
          0,
          -3.5920556,
          1.543734,
          -1.4538021,
          1
        ]
      },
      {
        "date" : 804154543.138055,
        "title" : "Untitled",
        "transform" : [
          -0.59996235,
          5.7767378e-09,
          0.80002815,
          0,
          0.5378141,
          0.7403297,
          0.40332115,
          0,
          -0.5922846,
          0.67224395,
          -0.44416988,
          0,
          -2.7092917,
          1.1516246,
          -1.0082629,
          1
        ]
      },
      {
        "date" : 804154532.738615,
        "title" : "Untitled",
        "transform" : [
          -0.59996235,
          5.7767378e-09,
          0.80002815,
          0,
          0.5378141,
          0.7403297,
          0.40332115,
          0,
          -0.5922846,
          0.67224395,
          -0.44416988,
          0,
          -2.7623835,
          1.0646876,
          -1.0690445,
          1
        ]
      },
      {
        "date" : 804154529.246235,
        "title" : "Untitled",
        "transform" : [
          -0.59996235,
          5.7767378e-09,
          0.80002815,
          0,
          0.5378141,
          0.7403297,
          0.40332115,
          0,
          -0.5922846,
          0.67224395,
          -0.44416988,
          0,
          -3.6700919,
          1.2428409,
          -0.38898927,
          1
        ]
      },
      {
        "date" : 804154527.062955,
        "title" : "Untitled",
        "transform" : [
          -0.59996235,
          5.7767378e-09,
          0.80002815,
          0,
          0.5378141,
          0.7403297,
          0.40332115,
          0,
          -0.5922846,
          0.67224395,
          -0.44416988,
          0,
          -2.8808415,
          1.5752622,
          -0.9383109,
          1
        ]
      },
      {
        "date" : 804154516.376998,
        "title" : "Untitled",
        "transform" : [
          0.6773295,
          -3.314525e-08,
          -0.73567975,
          0,
          -0.50694543,
          0.724681,
          -0.46673727,
          0,
          0.5331332,
          0.6890845,
          0.49084786,
          0,
          0.45455414,
          0.17891479,
          1.3394333,
          1
        ]
      },
      {
        "date" : 804154335.502161,
        "title" : "Untitled",
        "transform" : [
          -0.99406517,
          -3.411286e-08,
          -0.108786345,
          0,
          -0.06800138,
          0.7805519,
          0.62138104,
          0,
          0.08491337,
          0.6250909,
          -0.7759195,
          0,
          -0.04199575,
          0.08545308,
          -0.07755214,
          1
        ]
      },
      {
        "date" : 804154327.872309,
        "title" : "Untitled",
        "transform" : [
          -0.99406517,
          -3.411286e-08,
          -0.108786345,
          0,
          -0.06800138,
          0.7805519,
          0.62138104,
          0,
          0.08491337,
          0.6250909,
          -0.7759195,
          0,
          -1.0688947,
          2.1749907,
          -1.9738922,
          1
        ]
      }
    ],
    "0701B343-C7AA-401B-B68A-76C3DAF412CD" : [
      {
        "date" : 804139392.815352,
        "title" : "Untitled",
        "transform" : [
          1,
          0,
          -0,
          0,
          -0,
          0.7071069,
          -0.7071067,
          0,
          0,
          0.7071067,
          0.7071069,
          0,
          1.398881e-14,
          0.09832477,
          0.098324805,
          1
        ]
      }
    ],
    "0F51D2B6-8429-42F2-986A-AB3D854A6C9D" : [
      {
        "date" : 804400354.919894,
        "title" : "Untitled",
        "transform" : [
          -0.40180552,
          1.8771205e-08,
          -0.915725,
          0,
          -0.50215507,
          0.8362365,
          0.22033791,
          0,
          0.76576287,
          0.54836875,
          -0.3360046,
          0,
          -0.5822658,
          -1.1418259,
          0.81453013,
          1
        ]
      },
      {
        "date" : 804400348.709675,
        "title" : "Untitled",
        "transform" : [
          -0.40180552,
          1.8771205e-08,
          -0.915725,
          0,
          -0.50215507,
          0.8362365,
          0.22033791,
          0,
          0.76576287,
          0.54836875,
          -0.3360046,
          0,
          -0.25525224,
          -1.236784,
          0.81305945,
          1
        ]
      },
      {
        "date" : 804400346.133774,
        "title" : "Untitled",
        "transform" : [
          -0.40180552,
          1.8771205e-08,
          -0.915725,
          0,
          -0.50215507,
          0.8362365,
          0.22033791,
          0,
          0.76576287,
          0.54836875,
          -0.3360046,
          0,
          -0.77322507,
          -1.3026407,
          1.1162759,
          1
        ]
      },
      {
        "date" : 804400343.252728,
        "title" : "Untitled",
        "transform" : [
          -0.40180558,
          1.8771207e-08,
          -0.9157251,
          0,
          -0.50215507,
          0.8362365,
          0.22033791,
          0,
          0.76576287,
          0.54836875,
          -0.3360046,
          0,
          -0.87964344,
          -1.0479121,
          1.28947,
          1
        ]
      },
      {
        "date" : 804400336.653715,
        "title" : "Untitled",
        "transform" : [
          -0.8772504,
          1.8732695e-08,
          -0.48003328,
          0,
          -0.2619729,
          0.8379549,
          0.47875026,
          0,
          0.40224627,
          0.54573923,
          -0.73509645,
          0,
          -1.1875095,
          -1.4167224,
          0.69572985,
          1
        ]
      },
      {
        "date" : 804400333.320905,
        "title" : "Untitled",
        "transform" : [
          -0.8772504,
          1.8732695e-08,
          -0.48003328,
          0,
          -0.2619729,
          0.8379549,
          0.47875026,
          0,
          0.40224627,
          0.54573923,
          -0.73509645,
          0,
          -1.1740451,
          -1.4401644,
          0.6856941,
          1
        ]
      },
      {
        "date" : 804400322.451123,
        "title" : "Untitled",
        "transform" : [
          -0.56435716,
          1.7792523e-08,
          0.8255308,
          0,
          0.5037634,
          0.79222465,
          0.34438717,
          0,
          -0.65400606,
          0.6102293,
          -0.44709766,
          0,
          -1.7827914,
          -1.400993,
          0.99758697,
          1
        ]
      },
      {
        "date" : 804400214.687536,
        "title" : "Untitled",
        "transform" : [
          -0.56435716,
          1.7792523e-08,
          0.8255308,
          0,
          0.5037634,
          0.79222465,
          0.34438717,
          0,
          -0.65400606,
          0.6102293,
          -0.44709766,
          0,
          -1.9689357,
          -1.167337,
          0.89469784,
          1
        ]
      },
      {
        "date" : 804400206.734986,
        "title" : "Untitled",
        "transform" : [
          -0.544638,
          1.7792523e-08,
          0.8386713,
          0,
          0.51178205,
          0.79222465,
          0.33235398,
          0,
          -0.66441625,
          0.6102293,
          -0.43147567,
          0,
          -3.2263148,
          0.115643986,
          1.1767704,
          1
        ]
      },
      {
        "date" : 804400180.671102,
        "title" : "Untitled",
        "transform" : [
          -0.72141504,
          -8.984998e-09,
          0.6925028,
          0,
          0.69208103,
          0.034899488,
          0.7209755,
          0,
          -0.02416817,
          0.9993908,
          -0.02517704,
          0,
          -1.7877088,
          -0.7837888,
          1.2626673,
          1
        ]
      }
    ],
    "54E129BC-BF69-4DEC-BBA0-FC28D245A448" : [
      {
        "date" : 804400582.966658,
        "title" : "Untitled",
        "transform" : [
          -0.9995353,
          8.688931e-09,
          0.030482877,
          0,
          0.020154197,
          0.7502402,
          0.66085815,
          0,
          -0.022869492,
          0.6611655,
          -0.7498915,
          0,
          -1.9807913,
          0.85005665,
          -2.3573315,
          1
        ]
      },
      {
        "date" : 804400574.281881,
        "title" : "Untitled",
        "transform" : [
          -0.98894906,
          8.688931e-09,
          0.14825569,
          0,
          0.098021515,
          0.7502402,
          0.65385896,
          0,
          -0.11122738,
          0.6611655,
          -0.74194926,
          0,
          -10.11956,
          34.8938,
          -34.39283,
          1
        ]
      },
      {
        "date" : 804400542.139157,
        "title" : "Untitled",
        "transform" : [
          -0.98894906,
          8.688931e-09,
          0.14825569,
          0,
          0.098021515,
          0.7502402,
          0.65385896,
          0,
          -0.11122738,
          0.6611655,
          -0.74194926,
          0,
          -6.8688703,
          4.343865,
          -8.138209,
          1
        ]
      },
      {
        "date" : 804400295.420071,
        "title" : "Untitled",
        "transform" : [
          -0.9889492,
          8.688932e-09,
          0.1482557,
          0,
          0.098021515,
          0.7502402,
          0.65385896,
          0,
          -0.11122738,
          0.6611655,
          -0.74194926,
          0,
          -1.2460878,
          -1.4165955,
          0.66412467,
          1
        ]
      },
      {
        "date" : 804400281.261125,
        "title" : "Untitled",
        "transform" : [
          -0.2719728,
          7.910952e-09,
          0.9623049,
          0,
          0.5525487,
          0.81872004,
          0.15616488,
          0,
          -0.7878583,
          0.57419294,
          -0.22266959,
          0,
          -1.7146196,
          -1.3576167,
          1.2359124,
          1
        ]
      },
      {
        "date" : 804399591.922092,
        "title" : "Untitled",
        "transform" : [
          -0.96535194,
          2.5845388e-09,
          0.26095113,
          0,
          0.092227444,
          0.93546176,
          0.34118238,
          0,
          -0.24410984,
          0.35342792,
          -0.9030498,
          0,
          -1.3051177,
          0.03482616,
          -1.2526174,
          1
        ]
      },
      {
        "date" : 804399585.737193,
        "title" : "Untitled",
        "transform" : [
          -0.90048313,
          2.7930405e-09,
          0.43489087,
          0,
          0.16207871,
          0.92795664,
          0.33559942,
          0,
          -0.4035599,
          0.37268814,
          -0.8356093,
          0,
          -2.0188828,
          -0.17296374,
          -1.1945894,
          1
        ]
      },
      {
        "date" : 804399580.303932,
        "title" : "Untitled",
        "transform" : [
          -0.90048313,
          2.7930405e-09,
          0.43489087,
          0,
          0.16207871,
          0.92795664,
          0.33559942,
          0,
          -0.4035599,
          0.37268814,
          -0.8356093,
          0,
          -1.4751079,
          -0.8977932,
          0.046922803,
          1
        ]
      },
      {
        "date" : 804399577.047915,
        "title" : "Untitled",
        "transform" : [
          -0.90048313,
          2.7930405e-09,
          0.43489087,
          0,
          0.16207871,
          0.92795664,
          0.33559942,
          0,
          -0.4035599,
          0.37268814,
          -0.8356093,
          0,
          -1.4523901,
          -0.66239333,
          0.14094129,
          1
        ]
      },
      {
        "date" : 804399529.665184,
        "title" : "Untitled",
        "transform" : [
          -0.90048313,
          2.7930405e-09,
          0.43489087,
          0,
          0.16207871,
          0.92795664,
          0.33559942,
          0,
          -0.4035599,
          0.37268814,
          -0.8356093,
          0,
          -1.1798369,
          -0.5502224,
          0.05934,
          1
        ]
      }
    ],
    "A4377E15-94D3-4E87-A038-116CED4184E0" : [
      {
        "date" : 804138883.947737,
        "title" : "Untitled",
        "transform" : [
          -0.4071703,
          -1.9347684e-08,
          0.9133522,
          0,
          0.61407334,
          0.7402522,
          0.27375254,
          0,
          -0.6761108,
          0.67232955,
          -0.3014086,
          0,
          -1.1066083,
          1.5474445,
          -0.23799999,
          1
        ]
      },
      {
        "date" : 804138851.788928,
        "title" : "Untitled",
        "transform" : [
          0.55993754,
          -1.6597667e-08,
          0.8285348,
          0,
          0.440264,
          0.84713566,
          -0.29753768,
          0,
          -0.70188123,
          0.53137696,
          0.47434306,
          0,
          -1.459693,
          1.5117334,
          0.48973083,
          1
        ]
      },
      {
        "date" : 804138834.812146,
        "title" : "Untitled",
        "transform" : [
          0.509149,
          -1.9274168e-08,
          0.8606784,
          0,
          0.62780696,
          0.6840526,
          -0.37138999,
          0,
          -0.5887491,
          0.72943294,
          0.34828466,
          0,
          -1.1133988,
          1.8394725,
          0.18044838,
          1
        ]
      },
      {
        "date" : 804138804.487792,
        "title" : "Untitled",
        "transform" : [
          0.43085113,
          -8.804739e-09,
          0.902423,
          0,
          0.3181816,
          0.93577945,
          -0.15191206,
          0,
          -0.84446883,
          0.3525861,
          0.4031817,
          0,
          -1.7604115,
          1.1870384,
          0.38440672,
          1
        ]
      },
      {
        "date" : 804138782.958822,
        "title" : "Untitled",
        "transform" : [
          0.9761401,
          -1.2151551e-09,
          0.21714202,
          0,
          0.15343472,
          0.707603,
          -0.68975055,
          0,
          -0.15365016,
          0.70661044,
          0.6907195,
          0,
          -0.3165398,
          1.4557102,
          1.4229732,
          1
        ]
      },
      {
        "date" : 804138773.87464,
        "title" : "Untitled",
        "transform" : [
          0.81789374,
          2.4539313e-09,
          0.57536936,
          0,
          0.2855856,
          0.86812145,
          -0.40596312,
          0,
          -0.49949032,
          0.4963521,
          0.7100311,
          0,
          -0.6631688,
          0.6590018,
          0.94270164,
          1
        ]
      }
    ],
    "B65644C9-1DBB-4C56-BF1C-3E8AD2B77DBF" : [
      {
        "date" : 804400723.145914,
        "title" : "Untitled",
        "transform" : [
          0.9999884,
          0,
          0.0048217587,
          0,
          0.003409498,
          0.7071069,
          -0.7070985,
          0,
          -0.0034094988,
          0.7071067,
          0.70709866,
          0,
          -61.595028,
          41.24936,
          66.58777,
          1
        ]
      },
      {
        "date" : 804400695.084398,
        "title" : "Untitled",
        "transform" : [
          0.9999884,
          0,
          0.0048217587,
          0,
          0.003409498,
          0.7071069,
          -0.7070985,
          0,
          -0.0034094988,
          0.7071067,
          0.70709866,
          0,
          -59.07558,
          39.56212,
          63.864105,
          1
        ]
      },
      {
        "date" : 804400674.723457,
        "title" : "Untitled",
        "transform" : [
          1,
          0,
          0,
          0,
          0,
          0.7071069,
          -0.70710677,
          0,
          0,
          0.70710677,
          0.7071069,
          0,
          0,
          4.7138424,
          4.7138424,
          1
        ]
      },
      {
        "date" : 804400670.811495,
        "title" : "Untitled",
        "transform" : [
          1,
          0,
          0,
          0,
          0,
          0.7071069,
          -0.70710677,
          0,
          0,
          0.70710677,
          0.7071069,
          0,
          0,
          0.7675075,
          0.7675077,
          1
        ]
      }
    ],
    "C6A7F375-BFE9-46E0-9EA6-1A6B150F43FD" : [
      {
        "date" : 804138711.816411,
        "title" : "Untitled",
        "transform" : [
          0.9763976,
          1.0005984e-08,
          -0.21598122,
          0,
          -0.113043614,
          0.85208994,
          -0.51104206,
          0,
          0.1840354,
          0.5233955,
          0.83197844,
          0,
          0.26169667,
          2.275668,
          -1.1179814,
          1
        ]
      },
      {
        "date" : 804138441.235681,
        "title" : "Untitled",
        "transform" : [
          1,
          0,
          0,
          0,
          0,
          0.7071069,
          -0.70710677,
          0,
          0,
          0.70710677,
          0.7071069,
          0,
          -0.23156285,
          8.286477,
          5.324474,
          1
        ]
      }
    ],
    "EBE7C0D0-2163-40DA-A41F-1F944586386A" : [
      {
        "date" : 804400263.27835,
        "title" : "Untitled",
        "transform" : [
          -0.39915654,
          1.681164e-08,
          -0.9168829,
          0,
          -0.42609757,
          0.8854555,
          0.18549763,
          0,
          0.811859,
          0.46472406,
          -0.35343528,
          0,
          7.005216,
          3.6482394,
          -6.431924,
          1
        ]
      },
      {
        "date" : 804400253.804383,
        "title" : "Untitled",
        "transform" : [
          -0.99368006,
          1.3721515e-08,
          0.11224992,
          0,
          0.0399953,
          0.93436927,
          0.35405427,
          0,
          -0.10488283,
          0.35630614,
          -0.9284642,
          0,
          -4.1321883,
          2.5550082,
          -8.952614,
          1
        ]
      },
      {
        "date" : 804143011.66718,
        "title" : "Untitled",
        "transform" : [
          -0.5312791,
          1.42670675e-08,
          -0.8471969,
          0,
          -0.73034513,
          0.50678486,
          0.45800108,
          0,
          0.4293466,
          0.8620726,
          -0.26924416,
          0,
          3.1902902,
          7.843863,
          -5.661113,
          1
        ]
      },
      {
        "date" : 804139890.037986,
        "title" : "Untitled",
        "transform" : [
          -0.7105475,
          1.5470782e-08,
          -0.7036493,
          0,
          -0.30192438,
          0.90326476,
          0.3048842,
          0,
          0.6355817,
          0.42908362,
          -0.6418125,
          0,
          4.2197504,
          3.2872193,
          -8.668346,
          1
        ]
      },
      {
        "date" : 804139822.696132,
        "title" : "Untitled",
        "transform" : [
          -0.69536513,
          1.5136505e-08,
          -0.71865666,
          0,
          -0.54247886,
          0.65589607,
          0.52489716,
          0,
          0.47136414,
          0.7548513,
          -0.45608726,
          0,
          2.9091215,
          6.6672335,
          -7.1300316,
          1
        ]
      },
      {
        "date" : 804139819.85737,
        "title" : "Untitled",
        "transform" : [
          -0.69536513,
          1.5136505e-08,
          -0.71865666,
          0,
          -0.54247886,
          0.65589607,
          0.52489716,
          0,
          0.47136414,
          0.7548513,
          -0.45608726,
          0,
          4.7448773,
          5.058632,
          -7.895115,
          1
        ]
      },
      {
        "date" : 804139812.767391,
        "title" : "Untitled",
        "transform" : [
          -0.70192623,
          1.5136505e-08,
          -0.71224964,
          0,
          -0.53764254,
          0.65589607,
          0.5298498,
          0,
          0.4671618,
          0.7548513,
          -0.46039066,
          0,
          2.2545404,
          1.572737,
          -4.8628225,
          1
        ]
      },
      {
        "date" : 804139789.889111,
        "title" : "Untitled",
        "transform" : [
          -0.99560076,
          9.811279e-09,
          0.09369701,
          0,
          0.076116525,
          0.58314335,
          0.80879563,
          0,
          -0.05463873,
          0.8123693,
          -0.5805779,
          0,
          -3.5362575,
          11.568487,
          -15.089454,
          1
        ]
      },
      {
        "date" : 804139773.065655,
        "title" : "Untitled",
        "transform" : [
          -0.9307971,
          1.2260525e-08,
          -0.3655362,
          0,
          -0.18708158,
          0.8591044,
          0.47638217,
          0,
          0.31403387,
          0.5118003,
          -0.79965204,
          0,
          0.96337616,
          0.5706915,
          -4.5933475,
          1
        ]
      },
      {
        "date" : 804139752.297502,
        "title" : "Untitled",
        "transform" : [
          -0.7937762,
          1.0698966e-08,
          -0.60820985,
          0,
          -0.3166857,
          0.85374886,
          0.4133073,
          0,
          0.51925856,
          0.52068496,
          -0.6776857,
          0,
          1.7773299,
          1.1673198,
          -5.2209806,
          1
        ]
      }
    ]
  },
  "sceneViewportBackgroundColors" : {

  },
  "selectedSceneRelativePath" : "ImmersiveCockpit.usda"
}