{
  "advancedEditorSelectedIdentifier" : "ShaderGraphEditorPluginID",
  "openSceneRelativePaths" : [
    "Immersive.usda",
    "TechArt\/Mesh\/Sidestick_controller_L.usdc",
    "TechArt\/Mesh\/Throttle.usdc",
    "TechArt\/Shaders\/PBR_Material.usda"
  ],
  "recentIdentifiers" : {
    "0701B343-C7AA-401B-B68A-76C3DAF412CD" : [

    ],
    "EBE7C0D0-2163-40DA-A41F-1F944586386A" : [

    ]
  },
  "sceneCameraHistory" : {
    "0701B343-C7AA-401B-B68A-76C3DAF412CD" : [
      {
        "date" : 804139392.815352,
        "title" : "Untitled",
        "transform" : [
          1,
          0,
          -0,
          0,
          -0,
          0.7071069,
          -0.7071067,
          0,
          0,
          0.7071067,
          0.7071069,
          0,
          1.398881e-14,
          0.09832477,
          0.098324805,
          1
        ]
      }
    ],
    "A4377E15-94D3-4E87-A038-116CED4184E0" : [
      {
        "date" : 804138883.947737,
        "title" : "Untitled",
        "transform" : [
          -0.4071703,
          -1.9347684e-08,
          0.9133522,
          0,
          0.61407334,
          0.7402522,
          0.27375254,
          0,
          -0.6761108,
          0.67232955,
          -0.3014086,
          0,
          -1.1066083,
          1.5474445,
          -0.23799999,
          1
        ]
      },
      {
        "date" : 804138851.788928,
        "title" : "Untitled",
        "transform" : [
          0.55993754,
          -1.6597667e-08,
          0.8285348,
          0,
          0.440264,
          0.84713566,
          -0.29753768,
          0,
          -0.70188123,
          0.53137696,
          0.47434306,
          0,
          -1.459693,
          1.5117334,
          0.48973083,
          1
        ]
      },
      {
        "date" : 804138834.812146,
        "title" : "Untitled",
        "transform" : [
          0.509149,
          -1.9274168e-08,
          0.8606784,
          0,
          0.62780696,
          0.6840526,
          -0.37138999,
          0,
          -0.5887491,
          0.72943294,
          0.34828466,
          0,
          -1.1133988,
          1.8394725,
          0.18044838,
          1
        ]
      },
      {
        "date" : 804138804.487792,
        "title" : "Untitled",
        "transform" : [
          0.43085113,
          -8.804739e-09,
          0.902423,
          0,
          0.3181816,
          0.93577945,
          -0.15191206,
          0,
          -0.84446883,
          0.3525861,
          0.4031817,
          0,
          -1.7604115,
          1.1870384,
          0.38440672,
          1
        ]
      },
      {
        "date" : 804138782.958822,
        "title" : "Untitled",
        "transform" : [
          0.9761401,
          -1.2151551e-09,
          0.21714202,
          0,
          0.15343472,
          0.707603,
          -0.68975055,
          0,
          -0.15365016,
          0.70661044,
          0.6907195,
          0,
          -0.3165398,
          1.4557102,
          1.4229732,
          1
        ]
      },
      {
        "date" : 804138773.87464,
        "title" : "Untitled",
        "transform" : [
          0.81789374,
          2.4539313e-09,
          0.57536936,
          0,
          0.2855856,
          0.86812145,
          -0.40596312,
          0,
          -0.49949032,
          0.4963521,
          0.7100311,
          0,
          -0.6631688,
          0.6590018,
          0.94270164,
          1
        ]
      }
    ],
    "C6A7F375-BFE9-46E0-9EA6-1A6B150F43FD" : [
      {
        "date" : 804138711.816411,
        "title" : "Untitled",
        "transform" : [
          0.9763976,
          1.0005984e-08,
          -0.21598122,
          0,
          -0.113043614,
          0.85208994,
          -0.51104206,
          0,
          0.1840354,
          0.5233955,
          0.83197844,
          0,
          0.26169667,
          2.275668,
          -1.1179814,
          1
        ]
      },
      {
        "date" : 804138441.235681,
        "title" : "Untitled",
        "transform" : [
          1,
          0,
          0,
          0,
          0,
          0.7071069,
          -0.70710677,
          0,
          0,
          0.70710677,
          0.7071069,
          0,
          -0.23156285,
          8.286477,
          5.324474,
          1
        ]
      }
    ],
    "EBE7C0D0-2163-40DA-A41F-1F944586386A" : [
      {
        "date" : 804139789.889111,
        "title" : "Untitled",
        "transform" : [
          -0.99560076,
          9.811279e-09,
          0.09369701,
          0,
          0.076116525,
          0.58314335,
          0.80879563,
          0,
          -0.05463873,
          0.8123693,
          -0.5805779,
          0,
          -3.5362575,
          11.568487,
          -15.089454,
          1
        ]
      },
      {
        "date" : 804139773.065655,
        "title" : "Untitled",
        "transform" : [
          -0.9307971,
          1.2260525e-08,
          -0.3655362,
          0,
          -0.18708158,
          0.8591044,
          0.47638217,
          0,
          0.31403387,
          0.5118003,
          -0.79965204,
          0,
          0.96337616,
          0.5706915,
          -4.5933475,
          1
        ]
      },
      {
        "date" : 804139752.297502,
        "title" : "Untitled",
        "transform" : [
          -0.7937762,
          1.0698966e-08,
          -0.60820985,
          0,
          -0.3166857,
          0.85374886,
          0.4133073,
          0,
          0.51925856,
          0.52068496,
          -0.6776857,
          0,
          1.7773299,
          1.1673198,
          -5.2209806,
          1
        ]
      },
      {
        "date" : 804139736.564045,
        "title" : "Untitled",
        "transform" : [
          -0.7937762,
          1.0698966e-08,
          -0.60820985,
          0,
          -0.3166857,
          0.85374886,
          0.4133073,
          0,
          0.51925856,
          0.52068496,
          -0.6776857,
          0,
          1.9076545,
          0.7856042,
          -5.414406,
          1
        ]
      },
      {
        "date" : 804139735.235867,
        "title" : "Untitled",
        "transform" : [
          -0.7937762,
          1.0698966e-08,
          -0.60820985,
          0,
          -0.3166857,
          0.85374886,
          0.4133073,
          0,
          0.51925856,
          0.52068496,
          -0.6776857,
          0,
          1.537283,
          0.41421565,
          -4.931033,
          1
        ]
      },
      {
        "date" : 804139610.490173,
        "title" : "Untitled",
        "transform" : [
          -0.7937762,
          1.0698966e-08,
          -0.60820985,
          0,
          -0.3166857,
          0.85374886,
          0.4133073,
          0,
          0.51925856,
          0.52068496,
          -0.6776857,
          0,
          1.7023321,
          0.5797179,
          -5.146439,
          1
        ]
      },
      {
        "date" : 804139603.862781,
        "title" : "Untitled",
        "transform" : [
          -0.79377615,
          4.0513076e-08,
          -0.60820997,
          0,
          0.019533185,
          0.9994842,
          -0.02549266,
          0,
          0.6078961,
          -0.032115903,
          -0.79336673,
          0,
          1.227808,
          0.31162763,
          -5.4918957,
          1
        ]
      },
      {
        "date" : 804139561.367557,
        "title" : "Untitled",
        "transform" : [
          -0.63524234,
          3.988957e-08,
          -0.7723129,
          0,
          0.17629133,
          0.97359926,
          -0.14500292,
          0,
          0.75192314,
          -0.2282642,
          -0.61847144,
          0,
          2.702466,
          0.48983836,
          -5.130753,
          1
        ]
      },
      {
        "date" : 804139555.052672,
        "title" : "Untitled",
        "transform" : [
          0.01767845,
          5.9187915e-08,
          -0.99984396,
          0,
          -0.6570262,
          0.7537783,
          -0.011617003,
          0,
          0.75366074,
          0.6571289,
          0.013325725,
          0,
          5.1678085,
          5.310836,
          -1.771184,
          1
        ]
      },
      {
        "date" : 804139545.425046,
        "title" : "Untitled",
        "transform" : [
          -0.78497857,
          5.8472665e-08,
          -0.61952305,
          0,
          0.10405196,
          0.9857946,
          -0.13184099,
          0,
          0.61072254,
          -0.16795515,
          -0.7738276,
          0,
          2.5391567,
          0.5733449,
          -4.8536,
          1
        ]
      }
    ]
  },
  "sceneViewportBackgroundColors" : {

  },
  "selectedSceneRelativePath" : "TechArt\/Mesh\/Throttle.usdc"
}