{
  "advancedEditorSelectedIdentifier" : "ProjectBrowser",
  "openSceneRelativePaths" : [
    "Immersive.usda",
    "TechArt\/Mesh\/Throttle.usdc",
    "TechArt\/Shaders\/PBR_Material.usda",
    "ImmersiveCockpit.usda",
    "Cloud.usdc",
    "TechArt\/Mesh\/Cockpit4.usdc",
    "TechArt\/Mesh\/Sidestick.usdc",
    "SideStick.usda",
    "TechArt\/Mesh\/SC_Sidestick_controller_L 3.usdc",
    "TechArt\/Mesh\/Throttle 1.usdc"
  ],
  "recentIdentifiers" : {
    "02788A2F-C4DB-43C1-A74C-8B001F140070" : [

    ],
    "057DFC64-A90F-4C4E-AF94-E498458743D2" : [

    ],
    "0701B343-C7AA-401B-B68A-76C3DAF412CD" : [

    ],
    "0F51D2B6-8429-42F2-986A-AB3D854A6C9D" : [

    ],
    "361A646C-56E5-4F59-9FDB-CD896F1D0651" : [

    ],
    "45F19B16-36D0-4D27-9197-6D4816859F05" : [

    ],
    "53A66839-0785-4C42-A205-1F1C26CBE2F2" : [

    ],
    "54E129BC-BF69-4DEC-BBA0-FC28D245A448" : [

    ],
    "762D609A-FF75-4759-8B3F-96FA50635BF1" : [

    ],
    "EB8C3891-42A6-4A86-87ED-EC33BAC384D4" : [

    ],
    "EBE7C0D0-2163-40DA-A41F-1F944586386A" : [

    ]
  },
  "sceneCameraHistory" : {
    "02788A2F-C4DB-43C1-A74C-8B001F140070" : [
      {
        "date" : 804399283.388054,
        "title" : "Untitled",
        "transform" : [
          0.30309492,
          -3.4566358e-10,
          -0.9529604,
          0,
          -0.22396073,
          0.9719916,
          -0.071232095,
          0,
          0.9262695,
          0.2350158,
          0.29460576,
          0,
          0.70279616,
          0.17831549,
          0.22352868,
          1
        ]
      },
      {
        "date" : 804399267.64202,
        "title" : "Untitled",
        "transform" : [
          0.28316998,
          1.8016131e-09,
          0.9590697,
          0,
          0.43954882,
          0.88879377,
          -0.12977894,
          0,
          -0.8524152,
          0.45830747,
          0.25167972,
          0,
          -0.64676005,
          0.34773543,
          0.19095905,
          1
        ]
      }
    ],
    "057DFC64-A90F-4C4E-AF94-E498458743D2" : [
      {
        "date" : 804191344.041062,
        "title" : "Untitled",
        "transform" : [
          -0.62236387,
          5.7767378e-09,
          0.782728,
          0,
          0.52618414,
          0.7403297,
          0.4183804,
          0,
          -0.57947683,
          0.67224395,
          -0.46075436,
          0,
          -0.1250973,
          0.083698094,
          -0.073860645,
          1
        ]
      },
      {
        "date" : 804191314.136967,
        "title" : "Untitled",
        "transform" : [
          -0.62236387,
          5.7767378e-09,
          0.782728,
          0,
          0.52618414,
          0.7403297,
          0.4183804,
          0,
          -0.57947683,
          0.67224395,
          -0.46075436,
          0,
          -2.9118168,
          1.9481915,
          -1.719211,
          1
        ]
      },
      {
        "date" : 804154547.085963,
        "title" : "Untitled",
        "transform" : [
          -0.62236387,
          5.7767378e-09,
          0.782728,
          0,
          0.52618414,
          0.7403297,
          0.4183804,
          0,
          -0.57947683,
          0.67224395,
          -0.46075436,
          0,
          -3.5920556,
          1.543734,
          -1.4538021,
          1
        ]
      },
      {
        "date" : 804154543.138055,
        "title" : "Untitled",
        "transform" : [
          -0.59996235,
          5.7767378e-09,
          0.80002815,
          0,
          0.5378141,
          0.7403297,
          0.40332115,
          0,
          -0.5922846,
          0.67224395,
          -0.44416988,
          0,
          -2.7092917,
          1.1516246,
          -1.0082629,
          1
        ]
      },
      {
        "date" : 804154532.738615,
        "title" : "Untitled",
        "transform" : [
          -0.59996235,
          5.7767378e-09,
          0.80002815,
          0,
          0.5378141,
          0.7403297,
          0.40332115,
          0,
          -0.5922846,
          0.67224395,
          -0.44416988,
          0,
          -2.7623835,
          1.0646876,
          -1.0690445,
          1
        ]
      },
      {
        "date" : 804154529.246235,
        "title" : "Untitled",
        "transform" : [
          -0.59996235,
          5.7767378e-09,
          0.80002815,
          0,
          0.5378141,
          0.7403297,
          0.40332115,
          0,
          -0.5922846,
          0.67224395,
          -0.44416988,
          0,
          -3.6700919,
          1.2428409,
          -0.38898927,
          1
        ]
      },
      {
        "date" : 804154527.062955,
        "title" : "Untitled",
        "transform" : [
          -0.59996235,
          5.7767378e-09,
          0.80002815,
          0,
          0.5378141,
          0.7403297,
          0.40332115,
          0,
          -0.5922846,
          0.67224395,
          -0.44416988,
          0,
          -2.8808415,
          1.5752622,
          -0.9383109,
          1
        ]
      },
      {
        "date" : 804154516.376998,
        "title" : "Untitled",
        "transform" : [
          0.6773295,
          -3.314525e-08,
          -0.73567975,
          0,
          -0.50694543,
          0.724681,
          -0.46673727,
          0,
          0.5331332,
          0.6890845,
          0.49084786,
          0,
          0.45455414,
          0.17891479,
          1.3394333,
          1
        ]
      },
      {
        "date" : 804154335.502161,
        "title" : "Untitled",
        "transform" : [
          -0.99406517,
          -3.411286e-08,
          -0.108786345,
          0,
          -0.06800138,
          0.7805519,
          0.62138104,
          0,
          0.08491337,
          0.6250909,
          -0.7759195,
          0,
          -0.04199575,
          0.08545308,
          -0.07755214,
          1
        ]
      },
      {
        "date" : 804154327.872309,
        "title" : "Untitled",
        "transform" : [
          -0.99406517,
          -3.411286e-08,
          -0.108786345,
          0,
          -0.06800138,
          0.7805519,
          0.62138104,
          0,
          0.08491337,
          0.6250909,
          -0.7759195,
          0,
          -1.0688947,
          2.1749907,
          -1.9738922,
          1
        ]
      }
    ],
    "0701B343-C7AA-401B-B68A-76C3DAF412CD" : [
      {
        "date" : 804139392.815352,
        "title" : "Untitled",
        "transform" : [
          1,
          0,
          -0,
          0,
          -0,
          0.7071069,
          -0.7071067,
          0,
          0,
          0.7071067,
          0.7071069,
          0,
          1.398881e-14,
          0.09832477,
          0.098324805,
          1
        ]
      }
    ],
    "0F51D2B6-8429-42F2-986A-AB3D854A6C9D" : [
      {
        "date" : 804495932.882766,
        "title" : "Untitled",
        "transform" : [
          -0.9588341,
          1.084476e-08,
          0.28396696,
          0,
          0.15443712,
          0.83917856,
          0.5214676,
          0,
          -0.23829898,
          0.5438559,
          -0.804633,
          0,
          -1.4995831,
          -1.3194087,
          0.5144855,
          1
        ]
      },
      {
        "date" : 804495900.78911,
        "title" : "Untitled",
        "transform" : [
          -0.9744453,
          1.1686341e-08,
          0.22462524,
          0,
          0.113489784,
          0.8629787,
          0.49232906,
          0,
          -0.1938468,
          0.50524044,
          -0.84092546,
          0,
          -1.4105803,
          -1.3806428,
          0.7288302,
          1
        ]
      },
      {
        "date" : 804495897.080915,
        "title" : "Untitled",
        "transform" : [
          -0.97444516,
          1.1686339e-08,
          0.22462521,
          0,
          0.113489784,
          0.8629787,
          0.49232906,
          0,
          -0.1938468,
          0.50524044,
          -0.84092546,
          0,
          -1.4116315,
          -1.352191,
          0.3988241,
          1
        ]
      },
      {
        "date" : 804495879.954561,
        "title" : "Untitled",
        "transform" : [
          -0.9581764,
          1.6996573e-09,
          -0.28617838,
          0,
          -0.12798189,
          0.89442885,
          0.4285064,
          0,
          0.2559661,
          0.44721034,
          -0.8570206,
          0,
          -1.1568617,
          -1.6536043,
          1.0698688,
          1
        ]
      },
      {
        "date" : 804495864.126599,
        "title" : "Untitled",
        "transform" : [
          -0.9994869,
          -1.0135538e-08,
          0.032028094,
          0,
          0.026848722,
          0.54523164,
          0.83785546,
          0,
          -0.017462803,
          0.8382855,
          -0.5449519,
          0,
          -1.6300478,
          -1.5639833,
          1.0134313,
          1
        ]
      },
      {
        "date" : 804495852.080997,
        "title" : "Untitled",
        "transform" : [
          -0.961525,
          -2.0190996e-09,
          0.2747172,
          0,
          0.087348886,
          0.94810444,
          0.30572572,
          0,
          -0.2604606,
          0.3179591,
          -0.91162604,
          0,
          -1.6863875,
          -1.6695337,
          0.89364964,
          1
        ]
      },
      {
        "date" : 804495843.176186,
        "title" : "Untitled",
        "transform" : [
          -0.96591914,
          1.5037708e-09,
          0.25884375,
          0,
          0.12440071,
          0.87693906,
          0.46422216,
          0,
          -0.22699025,
          0.48060143,
          -0.84705245,
          0,
          -1.6648082,
          -1.554189,
          0.9316511,
          1
        ]
      },
      {
        "date" : 804495372.659782,
        "title" : "Untitled",
        "transform" : [
          -0.97027314,
          1.5308732e-09,
          0.24201232,
          0,
          0.117324844,
          0.87463135,
          0.4703773,
          0,
          -0.21167162,
          0.48478854,
          -0.84863144,
          0,
          -1.5531825,
          -1.5243382,
          0.92973375,
          1
        ]
      },
      {
        "date" : 804495351.0582,
        "title" : "Untitled",
        "transform" : [
          -0.7061803,
          1.4392469e-09,
          0.7080321,
          0,
          0.32392937,
          0.88920635,
          0.3230821,
          0,
          -0.62958664,
          0.45750654,
          -0.62793994,
          0,
          -2.2143545,
          -1.2707686,
          0.73260885,
          1
        ]
      },
      {
        "date" : 804495346.999428,
        "title" : "Untitled",
        "transform" : [
          -0.9951114,
          6.050789e-09,
          -0.09875819,
          0,
          -0.07997094,
          0.58675563,
          0.80580544,
          0,
          0.057946723,
          0.8097642,
          -0.58388716,
          0,
          -0.45319876,
          -0.46188533,
          0.24392438,
          1
        ]
      }
    ],
    "361A646C-56E5-4F59-9FDB-CD896F1D0651" : [
      {
        "date" : 804494719.199292,
        "title" : "Untitled",
        "transform" : [
          -0.9980001,
          -5.509344e-09,
          -0.063213624,
          0,
          -0.034385715,
          0.83911127,
          0.54287183,
          0,
          0.053043377,
          0.5439596,
          -0.8374332,
          0,
          0.21027125,
          6.512939,
          -10.553847,
          1
        ]
      },
      {
        "date" : 804494696.365612,
        "title" : "Untitled",
        "transform" : [
          -0.9139323,
          -1.9804869e-10,
          0.4058665,
          0,
          0.08530254,
          0.977664,
          0.19208477,
          0,
          -0.396801,
          0.21017376,
          -0.89351887,
          0,
          -3.4115078,
          2.9386692,
          -2.8253107,
          1
        ]
      },
      {
        "date" : 804494668.774038,
        "title" : "Untitled",
        "transform" : [
          -0.810968,
          3.9745345e-09,
          -0.58509034,
          0,
          -0.37849402,
          0.7625763,
          0.52461386,
          0,
          0.4461761,
          0.6468982,
          -0.61842495,
          0,
          1.2614436,
          1.6474903,
          -4.626351,
          1
        ]
      },
      {
        "date" : 804494665.321632,
        "title" : "Untitled",
        "transform" : [
          -0.70356685,
          4.229136e-09,
          -0.710629,
          0,
          -0.60878587,
          0.5158386,
          0.60273576,
          0,
          0.36656997,
          0.85668576,
          -0.3629269,
          0,
          1.8496034,
          3.0939093,
          -3.1993186,
          1
        ]
      },
      {
        "date" : 804494656.304935,
        "title" : "Untitled",
        "transform" : [
          -0.71520466,
          8.271357e-10,
          -0.698915,
          0,
          -0.5421327,
          0.6311295,
          0.55476815,
          0,
          0.44110593,
          0.7756774,
          -0.45138666,
          0,
          2.1796746,
          2.6903813,
          -3.6911657,
          1
        ]
      },
      {
        "date" : 804494625.57338,
        "title" : "Untitled",
        "transform" : [
          -0.80429476,
          2.5753195e-09,
          -0.59423053,
          0,
          -0.51205474,
          0.5074006,
          0.69306904,
          0,
          0.301513,
          0.8617103,
          -0.40809947,
          0,
          1.3845522,
          3.2854643,
          -3.5920157,
          1
        ]
      },
      {
        "date" : 804494621.365611,
        "title" : "Untitled",
        "transform" : [
          -0.785011,
          1.5924343e-08,
          -0.6194818,
          0,
          -0.31716567,
          0.8589943,
          0.40191394,
          0,
          0.5321314,
          0.51198524,
          -0.67431986,
          0,
          2.1930246,
          1.0982496,
          -4.427,
          1
        ]
      },
      {
        "date" : 804494613.04777,
        "title" : "Untitled",
        "transform" : [
          -0.9492582,
          -6.8713426e-09,
          -0.3144979,
          0,
          -0.29664487,
          0.33213234,
          0.89537144,
          0,
          0.10445496,
          0.9432328,
          -0.3152793,
          0,
          0.649156,
          3.4966006,
          -4.0130734,
          1
        ]
      },
      {
        "date" : 804494600.881604,
        "title" : "Untitled",
        "transform" : [
          -0.92521816,
          -5.426239e-09,
          -0.3794357,
          0,
          -0.3253485,
          0.5145619,
          0.79333127,
          0,
          0.19524315,
          0.8574532,
          -0.47608194,
          0,
          0.9477928,
          2.1403065,
          -3.701371,
          1
        ]
      },
      {
        "date" : 804494502.580983,
        "title" : "Untitled",
        "transform" : [
          -0.99795675,
          -1.0440484e-09,
          -0.06389428,
          0,
          -0.04028065,
          0.7762495,
          0.62913764,
          0,
          0.049597926,
          0.6304258,
          -0.7746634,
          0,
          0.08387309,
          3.3844302,
          -6.9428997,
          1
        ]
      }
    ],
    "53A66839-0785-4C42-A205-1F1C26CBE2F2" : [
      {
        "date" : 804495706.658735,
        "title" : "Untitled",
        "transform" : [
          0.08271338,
          6.2672747e-09,
          0.99657345,
          0,
          0.8875568,
          0.45477065,
          -0.073665224,
          0,
          -0.45321226,
          0.89060855,
          0.03761557,
          0,
          -1.4744632,
          2.3424644,
          0.49148035,
          1
        ]
      },
      {
        "date" : 804495696.541789,
        "title" : "Untitled",
        "transform" : [
          -0.8722976,
          -3.5208796e-09,
          0.48897532,
          0,
          0.3578763,
          0.6814224,
          0.63842624,
          0,
          -0.33319873,
          0.7318903,
          -0.59440315,
          0,
          -1.3448675,
          1.8389765,
          -1.6468852,
          1
        ]
      },
      {
        "date" : 804495679.874981,
        "title" : "Untitled",
        "transform" : [
          -0.82395,
          -2.8296068e-09,
          0.56666255,
          0,
          0.4389906,
          0.6323353,
          0.63830984,
          0,
          -0.3583207,
          0.7746948,
          -0.52101266,
          0,
          -1.4194243,
          1.9713956,
          -1.414768,
          1
        ]
      },
      {
        "date" : 804495564.596888,
        "title" : "Untitled",
        "transform" : [
          -0.17060775,
          2.2584812e-10,
          0.98533905,
          0,
          0.8239162,
          0.5484623,
          0.142658,
          0,
          -0.54042125,
          0.8361753,
          -0.093571916,
          0,
          -1.7916775,
          2.1653283,
          0.0630894,
          1
        ]
      }
    ],
    "54E129BC-BF69-4DEC-BBA0-FC28D245A448" : [
      {
        "date" : 804495714.016261,
        "title" : "Untitled",
        "transform" : [
          -0.99854594,
          -7.415249e-08,
          0.0539069,
          0,
          0.018244382,
          0.94098526,
          0.3379553,
          0,
          -0.050725646,
          0.33844724,
          -0.9396172,
          0,
          -0.14133596,
          0.0003724518,
          -0.11381182,
          1
        ]
      },
      {
        "date" : 804495455.212083,
        "title" : "Untitled",
        "transform" : [
          -0.49871275,
          -7.7174846e-08,
          -0.8667673,
          0,
          -0.76427925,
          0.47170207,
          0.43974382,
          0,
          0.40885603,
          0.881758,
          -0.23524399,
          0,
          -0.47736248,
          0.09952105,
          -0.16338915,
          1
        ]
      },
      {
        "date" : 804495453.055004,
        "title" : "Untitled",
        "transform" : [
          -0.99816996,
          -8.121428e-08,
          0.06046989,
          0,
          0.027430972,
          0.89118826,
          0.45280346,
          0,
          -0.053890143,
          0.45363352,
          -0.88955754,
          0,
          -0.5295911,
          0.05120008,
          -0.2372393,
          1
        ]
      },
      {
        "date" : 804495437.224277,
        "title" : "Untitled",
        "transform" : [
          -0.7615942,
          -8.1662805e-08,
          0.64805424,
          0,
          0.45208877,
          0.71647805,
          0.5312956,
          0,
          -0.4643167,
          0.6976097,
          -0.54566544,
          0,
          -0.5799515,
          0.35742736,
          0.092965834,
          1
        ]
      },
      {
        "date" : 804495387.201208,
        "title" : "Untitled",
        "transform" : [
          -0.9989424,
          -8.6237314e-08,
          -0.045979396,
          0,
          -0.03822746,
          0.55567276,
          0.8305219,
          0,
          0.025549343,
          0.83140117,
          -0.55508506,
          0,
          -0.576583,
          -0.5677352,
          1.1517965,
          1
        ]
      },
      {
        "date" : 804495366.393455,
        "title" : "Untitled",
        "transform" : [
          -0.9989424,
          -8.6237314e-08,
          -0.045979396,
          0,
          -0.03822746,
          0.55567276,
          0.8305219,
          0,
          0.025549343,
          0.83140117,
          -0.55508506,
          0,
          -0.081752956,
          -0.19879138,
          1.7271733,
          1
        ]
      },
      {
        "date" : 804495360.256641,
        "title" : "Untitled",
        "transform" : [
          -0.35858008,
          -8.637809e-08,
          -0.9334989,
          0,
          -0.85218775,
          0.40819162,
          0.32734632,
          0,
          0.38104632,
          0.91289634,
          -0.14636952,
          0,
          -0.56910944,
          -0.6129292,
          1.2209458,
          1
        ]
      },
      {
        "date" : 804495354.804239,
        "title" : "Untitled",
        "transform" : [
          -0.8656243,
          -9.67094e-08,
          -0.5006939,
          0,
          -0.37940475,
          0.652536,
          0.65593344,
          0,
          0.32672068,
          0.7577578,
          -0.56485105,
          0,
          -1.0396806,
          -1.3050958,
          0.9348663,
          1
        ]
      },
      {
        "date" : 804495334.063009,
        "title" : "Untitled",
        "transform" : [
          -0.6951648,
          -9.7091096e-08,
          0.7188503,
          0,
          0.56519675,
          0.6179072,
          0.5465741,
          0,
          -0.4441829,
          0.78625107,
          -0.42954728,
          0,
          -1.8153788,
          -1.276658,
          1.0248554,
          1
        ]
      },
      {
        "date" : 804495328.462231,
        "title" : "Untitled",
        "transform" : [
          -0.5519108,
          -8.690457e-08,
          0.8339032,
          0,
          0.33140755,
          0.917638,
          0.219339,
          0,
          -0.76522124,
          0.39741737,
          -0.5064543,
          0,
          -18.7247,
          3.3434527,
          -11.791985,
          1
        ]
      }
    ],
    "A2E2F63F-41AE-49A1-A9A3-EF6672972AB6" : [
      {
        "date" : 804409172.100642,
        "title" : "Untitled",
        "transform" : [
          -0.86521304,
          -5.8249583e-09,
          -0.5014043,
          0,
          0.011254431,
          0.99974805,
          -0.019420398,
          0,
          0.501278,
          -0.022445792,
          -0.8649952,
          0,
          -1.1806481,
          -0.43077853,
          1.1743884,
          1
        ]
      },
      {
        "date" : 804409139.020056,
        "title" : "Untitled",
        "transform" : [
          -0.81541127,
          -3.9400216e-09,
          0.5788821,
          0,
          0.25861716,
          0.8946575,
          0.36428723,
          0,
          -0.5179012,
          0.44675276,
          -0.72951376,
          0,
          0.35409167,
          -1.131507,
          1.2461938,
          1
        ]
      },
      {
        "date" : 804409117.060451,
        "title" : "Untitled",
        "transform" : [
          -0.14561266,
          2.0639916e-09,
          0.9893417,
          0,
          0.2745123,
          0.9607344,
          0.0404031,
          0,
          -0.9504946,
          0.2774697,
          -0.1398951,
          0,
          0.13563198,
          -1.216995,
          1.5439513,
          1
        ]
      },
      {
        "date" : 804409111.562193,
        "title" : "Untitled",
        "transform" : [
          1,
          0,
          -0,
          0,
          -0,
          0.7071069,
          -0.7071067,
          0,
          0,
          0.7071067,
          0.7071069,
          0,
          0.94209707,
          -0.87751555,
          2.1653461,
          1
        ]
      }
    ],
    "A4377E15-94D3-4E87-A038-116CED4184E0" : [
      {
        "date" : 804138883.947737,
        "title" : "Untitled",
        "transform" : [
          -0.4071703,
          -1.9347684e-08,
          0.9133522,
          0,
          0.61407334,
          0.7402522,
          0.27375254,
          0,
          -0.6761108,
          0.67232955,
          -0.3014086,
          0,
          -1.1066083,
          1.5474445,
          -0.23799999,
          1
        ]
      },
      {
        "date" : 804138851.788928,
        "title" : "Untitled",
        "transform" : [
          0.55993754,
          -1.6597667e-08,
          0.8285348,
          0,
          0.440264,
          0.84713566,
          -0.29753768,
          0,
          -0.70188123,
          0.53137696,
          0.47434306,
          0,
          -1.459693,
          1.5117334,
          0.48973083,
          1
        ]
      },
      {
        "date" : 804138834.812146,
        "title" : "Untitled",
        "transform" : [
          0.509149,
          -1.9274168e-08,
          0.8606784,
          0,
          0.62780696,
          0.6840526,
          -0.37138999,
          0,
          -0.5887491,
          0.72943294,
          0.34828466,
          0,
          -1.1133988,
          1.8394725,
          0.18044838,
          1
        ]
      },
      {
        "date" : 804138804.487792,
        "title" : "Untitled",
        "transform" : [
          0.43085113,
          -8.804739e-09,
          0.902423,
          0,
          0.3181816,
          0.93577945,
          -0.15191206,
          0,
          -0.84446883,
          0.3525861,
          0.4031817,
          0,
          -1.7604115,
          1.1870384,
          0.38440672,
          1
        ]
      },
      {
        "date" : 804138782.958822,
        "title" : "Untitled",
        "transform" : [
          0.9761401,
          -1.2151551e-09,
          0.21714202,
          0,
          0.15343472,
          0.707603,
          -0.68975055,
          0,
          -0.15365016,
          0.70661044,
          0.6907195,
          0,
          -0.3165398,
          1.4557102,
          1.4229732,
          1
        ]
      },
      {
        "date" : 804138773.87464,
        "title" : "Untitled",
        "transform" : [
          0.81789374,
          2.4539313e-09,
          0.57536936,
          0,
          0.2855856,
          0.86812145,
          -0.40596312,
          0,
          -0.49949032,
          0.4963521,
          0.7100311,
          0,
          -0.6631688,
          0.6590018,
          0.94270164,
          1
        ]
      }
    ],
    "B65644C9-1DBB-4C56-BF1C-3E8AD2B77DBF" : [
      {
        "date" : 804400723.145914,
        "title" : "Untitled",
        "transform" : [
          0.9999884,
          0,
          0.0048217587,
          0,
          0.003409498,
          0.7071069,
          -0.7070985,
          0,
          -0.0034094988,
          0.7071067,
          0.70709866,
          0,
          -61.595028,
          41.24936,
          66.58777,
          1
        ]
      },
      {
        "date" : 804400695.084398,
        "title" : "Untitled",
        "transform" : [
          0.9999884,
          0,
          0.0048217587,
          0,
          0.003409498,
          0.7071069,
          -0.7070985,
          0,
          -0.0034094988,
          0.7071067,
          0.70709866,
          0,
          -59.07558,
          39.56212,
          63.864105,
          1
        ]
      },
      {
        "date" : 804400674.723457,
        "title" : "Untitled",
        "transform" : [
          1,
          0,
          0,
          0,
          0,
          0.7071069,
          -0.70710677,
          0,
          0,
          0.70710677,
          0.7071069,
          0,
          0,
          4.7138424,
          4.7138424,
          1
        ]
      },
      {
        "date" : 804400670.811495,
        "title" : "Untitled",
        "transform" : [
          1,
          0,
          0,
          0,
          0,
          0.7071069,
          -0.70710677,
          0,
          0,
          0.70710677,
          0.7071069,
          0,
          0,
          0.7675075,
          0.7675077,
          1
        ]
      }
    ],
    "C6A7F375-BFE9-46E0-9EA6-1A6B150F43FD" : [
      {
        "date" : 804138711.816411,
        "title" : "Untitled",
        "transform" : [
          0.9763976,
          1.0005984e-08,
          -0.21598122,
          0,
          -0.113043614,
          0.85208994,
          -0.51104206,
          0,
          0.1840354,
          0.5233955,
          0.83197844,
          0,
          0.26169667,
          2.275668,
          -1.1179814,
          1
        ]
      },
      {
        "date" : 804138441.235681,
        "title" : "Untitled",
        "transform" : [
          1,
          0,
          0,
          0,
          0,
          0.7071069,
          -0.70710677,
          0,
          0,
          0.70710677,
          0.7071069,
          0,
          -0.23156285,
          8.286477,
          5.324474,
          1
        ]
      }
    ],
    "E6B6EE82-1A07-4E99-A070-C01E1E816D87" : [
      {
        "date" : 804409098.020819,
        "title" : "Untitled",
        "transform" : [
          1,
          0,
          0,
          0,
          0,
          0.7071069,
          -0.7071067,
          0,
          0,
          0.7071067,
          0.7071069,
          0,
          0.9421009,
          -1.1979024,
          2.1212144,
          1
        ]
      }
    ],
    "EB8C3891-42A6-4A86-87ED-EC33BAC384D4" : [
      {
        "date" : 804495823.599421,
        "title" : "Untitled",
        "transform" : [
          -0.93173087,
          1.451358e-08,
          0.36314976,
          0,
          0.29333,
          0.58954173,
          0.7525943,
          0,
          -0.21409194,
          0.8077379,
          -0.5492941,
          0,
          -0.7329556,
          2.7653353,
          -1.8805388,
          1
        ]
      },
      {
        "date" : 804495799.500523,
        "title" : "Untitled",
        "transform" : [
          -0.81466264,
          1.8142284e-08,
          -0.579935,
          0,
          -0.3911888,
          0.73823893,
          0.549522,
          0,
          0.4281306,
          0.67453927,
          -0.6014157,
          0,
          1.1072743,
          1.7445608,
          -1.5554417,
          1
        ]
      },
      {
        "date" : 804495752.093173,
        "title" : "Untitled",
        "transform" : [
          -0.84442216,
          2.0975797e-08,
          0.5356782,
          0,
          0.44663423,
          0.552107,
          0.7040565,
          0,
          -0.29575166,
          0.83377326,
          -0.46621135,
          0,
          -0.7649028,
          2.1563878,
          -1.2057625,
          1
        ]
      },
      {
        "date" : 804495744.463251,
        "title" : "Untitled",
        "transform" : [
          0.9999951,
          -5.5055405e-11,
          -0.003123804,
          0,
          -0.0021417756,
          0.72795427,
          -0.6856223,
          0,
          0.0022739924,
          0.6856257,
          0.7279507,
          0,
          0.0058812452,
          1.7732338,
          1.882699,
          1
        ]
      },
      {
        "date" : 804495739.330635,
        "title" : "Untitled",
        "transform" : [
          0.7676797,
          -5.612938e-11,
          0.64083374,
          0,
          0.45116413,
          0.71017355,
          -0.5404671,
          0,
          -0.45510316,
          0.7040268,
          0.5451858,
          0,
          -1.1770332,
          1.8208245,
          1.4100139,
          1
        ]
      }
    ],
    "EBE7C0D0-2163-40DA-A41F-1F944586386A" : [
      {
        "date" : 804400263.27835,
        "title" : "Untitled",
        "transform" : [
          -0.39915654,
          1.681164e-08,
          -0.9168829,
          0,
          -0.42609757,
          0.8854555,
          0.18549763,
          0,
          0.811859,
          0.46472406,
          -0.35343528,
          0,
          7.005216,
          3.6482394,
          -6.431924,
          1
        ]
      },
      {
        "date" : 804400253.804383,
        "title" : "Untitled",
        "transform" : [
          -0.99368006,
          1.3721515e-08,
          0.11224992,
          0,
          0.0399953,
          0.93436927,
          0.35405427,
          0,
          -0.10488283,
          0.35630614,
          -0.9284642,
          0,
          -4.1321883,
          2.5550082,
          -8.952614,
          1
        ]
      },
      {
        "date" : 804143011.66718,
        "title" : "Untitled",
        "transform" : [
          -0.5312791,
          1.42670675e-08,
          -0.8471969,
          0,
          -0.73034513,
          0.50678486,
          0.45800108,
          0,
          0.4293466,
          0.8620726,
          -0.26924416,
          0,
          3.1902902,
          7.843863,
          -5.661113,
          1
        ]
      },
      {
        "date" : 804139890.037986,
        "title" : "Untitled",
        "transform" : [
          -0.7105475,
          1.5470782e-08,
          -0.7036493,
          0,
          -0.30192438,
          0.90326476,
          0.3048842,
          0,
          0.6355817,
          0.42908362,
          -0.6418125,
          0,
          4.2197504,
          3.2872193,
          -8.668346,
          1
        ]
      },
      {
        "date" : 804139822.696132,
        "title" : "Untitled",
        "transform" : [
          -0.69536513,
          1.5136505e-08,
          -0.71865666,
          0,
          -0.54247886,
          0.65589607,
          0.52489716,
          0,
          0.47136414,
          0.7548513,
          -0.45608726,
          0,
          2.9091215,
          6.6672335,
          -7.1300316,
          1
        ]
      },
      {
        "date" : 804139819.85737,
        "title" : "Untitled",
        "transform" : [
          -0.69536513,
          1.5136505e-08,
          -0.71865666,
          0,
          -0.54247886,
          0.65589607,
          0.52489716,
          0,
          0.47136414,
          0.7548513,
          -0.45608726,
          0,
          4.7448773,
          5.058632,
          -7.895115,
          1
        ]
      },
      {
        "date" : 804139812.767391,
        "title" : "Untitled",
        "transform" : [
          -0.70192623,
          1.5136505e-08,
          -0.71224964,
          0,
          -0.53764254,
          0.65589607,
          0.5298498,
          0,
          0.4671618,
          0.7548513,
          -0.46039066,
          0,
          2.2545404,
          1.572737,
          -4.8628225,
          1
        ]
      },
      {
        "date" : 804139789.889111,
        "title" : "Untitled",
        "transform" : [
          -0.99560076,
          9.811279e-09,
          0.09369701,
          0,
          0.076116525,
          0.58314335,
          0.80879563,
          0,
          -0.05463873,
          0.8123693,
          -0.5805779,
          0,
          -3.5362575,
          11.568487,
          -15.089454,
          1
        ]
      },
      {
        "date" : 804139773.065655,
        "title" : "Untitled",
        "transform" : [
          -0.9307971,
          1.2260525e-08,
          -0.3655362,
          0,
          -0.18708158,
          0.8591044,
          0.47638217,
          0,
          0.31403387,
          0.5118003,
          -0.79965204,
          0,
          0.96337616,
          0.5706915,
          -4.5933475,
          1
        ]
      },
      {
        "date" : 804139752.297502,
        "title" : "Untitled",
        "transform" : [
          -0.7937762,
          1.0698966e-08,
          -0.60820985,
          0,
          -0.3166857,
          0.85374886,
          0.4133073,
          0,
          0.51925856,
          0.52068496,
          -0.6776857,
          0,
          1.7773299,
          1.1673198,
          -5.2209806,
          1
        ]
      }
    ]
  },
  "sceneViewportBackgroundColors" : {

  },
  "selectedSceneRelativePath" : "TechArt\/Mesh\/Cockpit4.usdc"
}