{
  "advancedEditorSelectedIdentifier" : "ProjectBrowser",
  "openSceneRelativePaths" : [
    "Immersive.usda",
    "TechArt\/Mesh\/Sidestick.usdc",
    "TechArt\/Mesh\/Sidestick_controller_L.usdc",
    "TechArt\/Mesh\/Throttle.usdc"
  ],
  "recentIdentifiers" : {

  },
  "sceneCameraHistory" : {
    "A2E2F63F-41AE-49A1-A9A3-EF6672972AB6" : [
      {
        "date" : 804190287.720553,
        "title" : "Untitled",
        "transform" : [
          -0.996734,
          -1.4005104e-07,
          0.08075428,
          0,
          0.057740156,
          0.6991125,
          0.71267647,
          0,
          -0.056456424,
          0.7150116,
          -0.6968292,
          0,
          0.8204641,
          -1.035954,
          1.072816,
          1
        ]
      },
      {
        "date" : 804190226.12676,
        "title" : "Untitled",
        "transform" : [
          -0.91774493,
          -1.3947437e-07,
          0.39717034,
          0,
          0.208382,
          0.8513077,
          0.48151034,
          0,
          -0.33811423,
          0.5246668,
          -0.78128326,
          0,
          0.67822677,
          -1.1320782,
          1.0301669,
          1
        ]
      },
      {
        "date" : 804190223.267323,
        "title" : "Untitled",
        "transform" : [
          -0.91774493,
          -1.4033688e-07,
          0.39717036,
          0,
          0.20838203,
          0.8513077,
          0.48151034,
          0,
          -0.33811426,
          0.52466685,
          -0.7812832,
          0,
          0.6782267,
          -1.132078,
          1.0301667,
          1
        ]
      },
      {
        "date" : 804189974.519702,
        "title" : "Untitled",
        "transform" : [
          -0.91774493,
          -1.2716077e-07,
          0.39717045,
          0,
          0.20838206,
          0.8513077,
          0.48151034,
          0,
          -0.3381143,
          0.52466685,
          -0.7812832,
          0,
          0.66023487,
          -1.1105703,
          1.0045652,
          1
        ]
      },
      {
        "date" : 804189972.25733,
        "title" : "Untitled",
        "transform" : [
          -0.9177448,
          -1.1269466e-07,
          0.39717045,
          0,
          0.20838207,
          0.8513076,
          0.48151028,
          0,
          -0.33811432,
          0.52466685,
          -0.7812832,
          0,
          -0.77129835,
          1.1548375,
          -2.2963123,
          1
        ]
      },
      {
        "date" : 804189965.23548,
        "title" : "Untitled",
        "transform" : [
          0.03272054,
          -1.1331645e-07,
          0.9994645,
          0,
          0.4417002,
          0.89704615,
          -0.014460314,
          0,
          -0.8965658,
          0.44193682,
          0.029351871,
          0,
          0.27375042,
          -1.2097633,
          1.6848557,
          1
        ]
      },
      {
        "date" : 804189963.83207,
        "title" : "Untitled",
        "transform" : [
          0.032720584,
          -1.2173093e-07,
          0.9994646,
          0,
          0.4417002,
          0.89704615,
          -0.014460303,
          0,
          -0.89656585,
          0.4419368,
          0.029351939,
          0,
          1.3358035,
          -1.0010659,
          -0.58763456,
          1
        ]
      },
      {
        "date" : 804189961.721888,
        "title" : "Untitled",
        "transform" : [
          -0.983629,
          -1.2174435e-07,
          0.18020621,
          0,
          0.08147194,
          0.89196485,
          0.44470328,
          0,
          -0.16073765,
          0.45210466,
          -0.8773624,
          0,
          0.77670187,
          -1.0163952,
          1.2229035,
          1
        ]
      },
      {
        "date" : 804189959.946638,
        "title" : "Untitled",
        "transform" : [
          -0.20930138,
          -1.2713996e-07,
          0.9778512,
          0,
          0.8638561,
          0.46857646,
          0.1849017,
          0,
          -0.4581981,
          0.88342285,
          -0.09807362,
          0,
          0.6264846,
          -0.7985795,
          1.6164447,
          1
        ]
      },
      {
        "date" : 804189957.208255,
        "title" : "Untitled",
        "transform" : [
          -0.20930143,
          -1.7072061e-08,
          0.97785115,
          0,
          0.86385614,
          0.4685766,
          0.18490161,
          0,
          -0.45819813,
          0.88342285,
          -0.098073736,
          0,
          1.1504314,
          -1.7534224,
          0.3325273,
          1
        ]
      }
    ],
    "A4377E15-94D3-4E87-A038-116CED4184E0" : [
      {
        "date" : 804190360.324316,
        "title" : "Untitled",
        "transform" : [
          -0.6732809,
          -5.0200946e-09,
          0.73938686,
          0,
          0.6374071,
          0.50678015,
          0.5804188,
          0,
          -0.37470663,
          0.8620753,
          -0.3412053,
          0,
          -0.51044494,
          2.2641516,
          -0.46146312,
          1
        ]
      },
      {
        "date" : 804190350.657525,
        "title" : "Untitled",
        "transform" : [
          -0.70931953,
          -1.2526774e-08,
          -0.7048871,
          0,
          -0.20729616,
          0.95577955,
          0.20859966,
          0,
          0.67371666,
          0.2940842,
          -0.6779531,
          0,
          0.11082399,
          0.034577727,
          -0.11177528,
          1
        ]
      },
      {
        "date" : 804190218.572217,
        "title" : "Untitled",
        "transform" : [
          -0.7093195,
          2.5443767e-09,
          -0.7048871,
          0,
          -0.20729618,
          0.95577955,
          0.20859967,
          0,
          0.6737167,
          0.29408425,
          -0.67795306,
          0,
          1.7001951,
          1.2106193,
          -1.5486578,
          1
        ]
      },
      {
        "date" : 804190213.129718,
        "title" : "Untitled",
        "transform" : [
          -0.8561675,
          -3.121528e-09,
          0.5166985,
          0,
          0.36447543,
          0.70881647,
          0.6039344,
          0,
          -0.3662444,
          0.70539284,
          -0.6068656,
          0,
          -0.053581357,
          0.11027861,
          -0.10847998,
          1
        ]
      },
      {
        "date" : 804190127.065822,
        "title" : "Untitled",
        "transform" : [
          -0.8561674,
          -1.4169892e-08,
          0.5166985,
          0,
          0.36447555,
          0.70881647,
          0.6039344,
          0,
          -0.3662444,
          0.705393,
          -0.6068655,
          0,
          -1.5417829,
          2.49054,
          -2.618411,
          1
        ]
      },
      {
        "date" : 804190005.407548,
        "title" : "Untitled",
        "transform" : [
          -0.9345777,
          3.4991974e-09,
          0.35575917,
          0,
          0.16730008,
          0.88252693,
          0.43949637,
          0,
          -0.31396705,
          0.47026205,
          -0.82479,
          0,
          -0.90464073,
          1.3549774,
          -2.3764877,
          1
        ]
      },
      {
        "date" : 804190002.075233,
        "title" : "Untitled",
        "transform" : [
          -0.6251468,
          4.6393698e-09,
          0.7805072,
          0,
          0.69644463,
          0.45144814,
          0.5578169,
          0,
          -0.3523585,
          0.89229745,
          -0.28222135,
          0,
          -0.9113047,
          2.3077488,
          -0.72990906,
          1
        ]
      }
    ],
    "C6A7F375-BFE9-46E0-9EA6-1A6B150F43FD" : [
      {
        "date" : 804189801.351537,
        "title" : "Untitled",
        "transform" : [
          0.99905527,
          3.861182e-10,
          -0.04345778,
          0,
          -0.03409088,
          0.62018,
          -0.78371835,
          0,
          0.026951632,
          0.78445965,
          0.619594,
          0,
          0.06970507,
          2.0288477,
          1.6024557,
          1
        ]
      },
      {
        "date" : 804189797.641189,
        "title" : "Untitled",
        "transform" : [
          0.9867478,
          8.298828e-11,
          -0.16226128,
          0,
          -0.10292895,
          0.7730536,
          -0.62593436,
          0,
          0.12543665,
          0.63434076,
          0.7628089,
          0,
          0.32441685,
          1.6405956,
          1.9728526,
          1
        ]
      },
      {
        "date" : 804189790.682117,
        "title" : "Untitled",
        "transform" : [
          1,
          0,
          0,
          0,
          0,
          0.7071069,
          -0.70710677,
          0,
          0,
          0.70710677,
          0.7071069,
          0,
          0,
          1.8287902,
          1.8287904,
          1
        ]
      }
    ],
    "EBE7C0D0-2163-40DA-A41F-1F944586386A" : [
      {
        "date" : 804190240.832784,
        "title" : "Untitled",
        "transform" : [
          -0.9731601,
          5.7209775e-09,
          -0.23012953,
          0,
          -0.15515745,
          0.7385325,
          0.6561219,
          0,
          0.16995813,
          0.67421794,
          -0.7187103,
          0,
          2.1118956,
          7.001153,
          -11.203041,
          1
        ]
      },
      {
        "date" : 804190234.826298,
        "title" : "Untitled",
        "transform" : [
          -0.9731601,
          -1.178762e-09,
          -0.23012953,
          0,
          -0.15515745,
          0.7385325,
          0.6561219,
          0,
          0.16995813,
          0.67421794,
          -0.7187103,
          0,
          -0.6333277,
          0.000983715,
          -3.929874,
          1
        ]
      },
      {
        "date" : 804190233.329713,
        "title" : "Untitled",
        "transform" : [
          -0.9731601,
          -3.430012e-11,
          -0.23012954,
          0,
          -0.15515746,
          0.7385325,
          0.6561219,
          0,
          0.16995814,
          0.6742179,
          -0.71871036,
          0,
          2.101888,
          6.715982,
          -8.592578,
          1
        ]
      },
      {
        "date" : 804190135.322678,
        "title" : "Untitled",
        "transform" : [
          1,
          0,
          0,
          0,
          0,
          0.7071069,
          -0.70710677,
          0,
          0,
          0.70710677,
          0.7071069,
          0,
          0,
          8.385732,
          8.385735,
          1
        ]
      }
    ]
  },
  "sceneViewportBackgroundColors" : {

  },
  "selectedSceneRelativePath" : "TechArt\/Mesh\/Sidestick.usdc"
}